red, green, blue, H, S, V, r, rg, most_red, least_red, most_yellow, 1_g_r, 1_rg_r, 1_gb_r, 1_rgb_r, 1_r_rg, 1_g_rg, 1_gb_rb, 1_rgb_rb, 1_r_rgb, 1_gb_rgb
172.13,36.68,50.8,127.34,204.74,172.13,84.65,158.01,171.0,-161.0,276.0,0.2130947539650264,1.2130947539650263,0.5082205309940161,1.5082205309940162,0.8243379148508213,0.1756620851491786,0.3924101735970932,1.1645359529897277,0.6630330110550441,0.3369669889449558
134.38,38.15,52.33,150.04,185.45,134.38,43.9,120.2,116.0,-237.0,275.0,0.2838964131567197,1.28389641315672,0.6733144813216252,1.6733144813216254,0.7788790355300527,0.2211209644699472,0.4846017888704408,1.2043275668148468,0.5976162945832962,0.4023837054167036
130.42,35.3,48.01,138.65,195.39,130.42,47.11,117.71,151.0,-203.0,313.0,0.2706640085876399,1.2706640085876395,0.6387823953381384,1.6387823953381382,0.7869901037895246,0.2130098962104755,0.4669057893851931,1.1978366866558314,0.6102091423758949,0.3897908576241052
174.0,81.99,55.53,39.37,175.16,174.01,36.48,200.46,172.0,-195.0,402.0,0.4712068965517241,1.4712068965517242,0.7903448275862068,1.7903448275862068,0.6797140513301301,0.3202859486698698,0.5991373676643575,1.3572082080773755,0.5585516178736518,0.4414483821263482
181.23,121.61,65.7,19.96,164.48,181.25,-6.08,237.14,162.0,-162.0,381.0,0.6710257683606468,1.6710257683606466,1.0335485294929097,2.0335485294929097,0.5984348170651169,0.4015651829348831,0.75855505608877,1.4924877495646538,0.4917512346014001,0.5082487653986
172.47,151.14,76.68,23.84,150.81,176.04,-55.35,246.93,118.0,-185.0,369.0,0.8763263176204557,1.876326317620456,1.3209253783266657,2.320925378326665,0.5329563363307684,0.4670436636692314,0.9143889223359422,1.6066225165562915,0.430862624597167,0.5691373754028329
195.24,109.71,66.17,24.71,169.9,195.24,19.36,238.78,182.0,-224.0,358.0,0.5619237861094037,1.5619237861094035,0.900839991804958,1.9008399918049577,0.6402361042793902,0.3597638957206099,0.6728128227688305,1.4196855514326152,0.5260832075878422,0.4739167924121578
164.42,85.48,56.74,85.06,177.71,165.11,22.2,193.16,163.0,-227.0,395.0,0.5198880914730569,1.5198880914730568,0.8649799294489722,1.864979929448972,0.6579431772709083,0.3420568227290916,0.6430638451799602,1.3865075058780971,0.5361987998956431,0.4638012001043569
204.53,137.76,79.75,16.32,156.93,204.53,-12.98,262.54,158.0,-237.0,363.0,0.673544223341319,1.673544223341319,1.0634625727277172,2.063462572727717,0.5975342545794502,0.4024657454205498,0.7651259321795414,1.4845926551287465,0.484622310681452,0.515377689318548
164.14,70.38,59.06,85.13,175.81,164.14,34.7,175.46,151.0,-233.0,354.0,0.4287803094918971,1.4287803094918972,0.7885951017424151,1.788595101742415,0.6998976633122974,0.3001023366877025,0.5799283154121864,1.3153225806451614,0.5590980312010355,0.4409019687989645
188.19,162.07,92.41,23.52,138.6,191.21,-66.29,257.85,136.0,-246.0,343.0,0.8612041022371008,1.8612041022371009,1.3522503852489505,2.3522503852489502,0.5372865871067207,0.4627134128932793,0.9069137562366356,1.577583749109052,0.4251248108071476,0.5748751891928525
190.49,104.8,62.05,22.43,175.74,190.49,23.64,233.24,163.0,-154.0,353.0,0.5501601133917791,1.550160113391779,0.875898997322694,1.8758989973226945,0.6450946527142809,0.3549053472857191,0.660687415854914,1.414983764948127,0.53307774108692,0.4669222589130799
184.88,175.08,91.92,26.55,133.75,189.58,-82.12,268.04,104.0,-229.0,368.0,0.9469926438771096,1.9469926438771097,1.4441800086542622,2.4441800086542624,0.5136126236248472,0.4863873763751528,0.9645953757225432,1.6325144508670522,0.4091351686288395,0.5908648313711604
169.47,81.55,51.42,35.27,181.45,169.49,36.5,199.6,151.0,-206.0,376.0,0.4812061131763734,1.4812061131763734,0.7846226470761787,1.7846226470761786,0.6751254880089237,0.3248745119910764,0.6019738331296121,1.3691882837611482,0.5603425472821055,0.4396574527178944
190.84,103.02,60.46,29.59,174.67,190.86,27.36,233.4,174.0,-189.0,379.0,0.5398239362817019,1.539823936281702,0.856633829385873,1.8566338293858728,0.6494248962090792,0.3505751037909208,0.6505372065260644,1.4099482690011935,0.5386091668548205,0.4613908331451795
122.08,40.37,36.98,89.69,189.88,122.08,44.73,125.47,149.0,-240.0,297.0,0.3306847968545216,1.3306847968545217,0.6336009174311926,1.6336009174311923,0.7514927670052324,0.2485072329947676,0.4862944800704136,1.2538035961272471,0.6121446121446122,0.3878553878553878
175.68,89.69,59.28,28.55,173.79,175.68,26.71,206.09,141.0,-165.0,365.0,0.5105305100182149,1.510530510018215,0.847962204007286,1.8479622040072856,0.6620190677167728,0.3379809322832272,0.6340228123935989,1.38172454885938,0.5411366086554752,0.4588633913445249
168.75,85.59,55.17,45.15,176.63,168.89,27.99,199.17,171.0,-241.0,379.0,0.5072,1.5072,0.8341333333333333,1.8341333333333327,0.6634819532908705,0.3365180467091295,0.6286173633440514,1.3822347266881028,0.5452166327420762,0.4547833672579238
168.15,88.93,57.49,49.93,175.75,168.15,21.73,199.59,154.0,-226.0,356.0,0.5288730300327089,1.5288730300327091,0.8707701457032412,1.8707701457032413,0.6540765520460556,0.3459234479539442,0.6489097677716718,1.394123382379011,0.5345392122580029,0.465460787741997
181.14,138.62,67.67,19.71,162.73,181.79,-25.15,252.09,136.0,-210.0,388.0,0.7652644363475766,1.7652644363475765,1.1388428839571605,2.1388428839571603,0.566487365524143,0.4335126344758569,0.8291065471645032,1.5571319480728267,0.4675425238107528,0.5324574761892471
175.27,98.55,68.42,50.37,161.11,175.49,8.3,205.4,169.0,-247.0,346.0,0.5622753466080903,1.5622753466080903,0.9526444913561932,1.9526444913561931,0.6400920312614127,0.3599079687385874,0.6851737863679265,1.404407238704912,0.5121259934548855,0.4878740065451145
192.17,178.36,103.25,25.53,125.29,194.9,-89.44,267.28,71.0,-242.0,363.0,0.9281365457667692,1.928136545766769,1.4654212416089922,2.465421241608992,0.5186354681132432,0.4813645318867569,0.953252995734886,1.603750592376955,0.4056101988264595,0.5943898011735406
190.36,143.53,81.85,19.19,146.79,190.36,-35.02,252.04,148.0,-198.0,357.0,0.7539924353855851,1.753992435385585,1.1839672200042024,2.1839672200042024,0.5701278864296625,0.4298721135703375,0.8279637044928546,1.5272767348738103,0.457882330302593,0.542117669697407
174.61,93.56,61.83,11.66,165.71,174.61,19.22,206.34,138.0,-191.0,333.0,0.5358226905675505,1.5358226905675505,0.8899261210698126,1.8899261210698128,0.6511168288772048,0.3488831711227952,0.6572069023853832,1.3957029267467431,0.5291212121212122,0.4708787878787878
169.24,62.35,53.14,41.19,176.17,169.24,53.75,178.45,144.0,-171.0,296.0,0.3684117229969274,1.3684117229969277,0.6824036870716143,1.6824036870716144,0.7307742130489226,0.2692257869510773,0.5193362712474144,1.280375933087508,0.594387665507674,0.4056123344923261
176.21,101.12,54.01,15.92,182.74,176.77,21.08,223.32,149.0,-192.0,387.0,0.5738607343510584,1.5738607343510589,0.8803700130526076,1.880370013052608,0.635380232935492,0.3646197670645079,0.6738337242637477,1.4392320389192947,0.5318102251463753,0.4681897748536246
170.39,58.67,54.98,89.82,181.41,170.39,56.74,174.08,144.0,-249.0,320.0,0.3443277187628382,1.3443277187628384,0.6669992370444275,1.6669992370444278,0.7438662359207194,0.2561337640792805,0.5042818476283446,1.260327461507743,0.5998802985495,0.4001197014504999
165.07,69.01,52.63,60.08,181.55,165.07,43.43,181.45,150.0,-228.0,391.0,0.4180650633064761,1.418065063306476,0.7368994971830134,1.7368994971830132,0.7051862611073137,0.2948137388926863,0.5587505741846579,1.316995865870464,0.5757385511492449,0.4242614488507552
184.73,105.74,63.02,14.34,171.25,184.73,15.97,227.45,135.0,-149.0,359.0,0.5724029664916365,1.5724029664916364,0.9135495046825096,1.9135495046825093,0.6359692911488278,0.3640307088511723,0.6811705348133198,1.4268012108980823,0.5225890407083652,0.4774109592916349
142.95,81.3,53.43,15.03,165.24,142.95,8.22,170.82,113.0,-239.0,346.0,0.5687303252885625,1.5687303252885625,0.9424973767051416,1.9424973767051417,0.6374581939799331,0.3625418060200668,0.6860678276810266,1.4139932783379163,0.514801210025929,0.4851987899740708
176.16,64.35,48.97,43.56,186.89,176.16,62.84,191.54,181.0,-247.0,341.0,0.3652929155313351,1.3652929155313351,0.6432788374205267,1.643278837420527,0.7324435574404391,0.2675564425595609,0.5033536179096522,1.2858348509749924,0.6085394500483625,0.3914605499516373
185.86,173.04,80.18,25.88,149.21,188.78,-67.36,278.72,80.0,-245.0,366.0,0.9310233509092865,1.9310233509092865,1.362423329387711,2.362423329387711,0.5178601281694066,0.4821398718305935,0.9518117576304316,1.6504285069914295,0.4232941605174456,0.5767058394825545
174.98,109.64,60.74,13.15,169.35,174.98,4.6,223.88,132.0,-208.0,364.0,0.6265858955309178,1.626585895530918,0.9737112812892902,1.9737112812892903,0.6147846251141873,0.3852153748858126,0.7228067198370949,1.465128118106228,0.50665971739634,0.4933402826036599
179.79,127.29,72.49,21.49,156.0,180.51,-19.99,234.59,139.0,-214.0,383.0,0.707992658101118,1.707992658101118,1.1111852717058792,2.111185271705879,0.5854826103946854,0.4145173896053146,0.7918978912319645,1.5045584271444428,0.4736675711989883,0.5263324288010117
170.43,98.28,74.34,76.81,158.58,170.97,-2.19,194.37,146.0,-191.0,344.0,0.5766590389016019,1.576659038901602,1.0128498503784544,2.012849850378455,0.6342525399129172,0.3657474600870827,0.7052334844956489,1.4015197940924136,0.4968080454744205,0.5031919545255793
200.68,116.27,65.93,26.49,172.9,200.68,18.48,251.02,157.0,-181.0,359.0,0.5793801076340442,1.579380107634044,0.9079130954753836,1.907913095475384,0.6331598043855499,0.3668401956144502,0.6833952214845654,1.436105172349124,0.5241328875888007,0.4758671124111993
197.49,106.33,65.6,25.35,171.29,197.49,25.56,238.22,166.0,-176.0,362.0,0.5384070079497696,1.5384070079497696,0.8705757253531824,1.870575725353182,0.6500230399578698,0.3499769600421302,0.6535026036717473,1.4041582728343909,0.5345947701802827,0.4654052298197175
131.83,40.09,42.63,118.92,196.0,131.83,49.11,129.29,126.0,-227.0,336.0,0.304103770006827,1.304103770006827,0.6274747781233406,1.6274747781233403,0.766810144253141,0.233189855746859,0.4741488020176544,1.229794795368566,0.6144488464227453,0.3855511535772546
179.5,149.5,60.56,24.1,172.37,180.53,-30.56,268.44,132.0,-232.0,405.0,0.8328690807799443,1.8328690807799444,1.1702506963788302,2.17025069637883,0.5455927051671733,0.4544072948328267,0.8750312421894526,1.622760976422561,0.4607762603963446,0.5392237396036554
188.74,167.72,91.91,24.97,137.65,193.2,-70.89,264.55,121.0,-198.0,353.0,0.8886298611846984,1.8886298611846983,1.3755960580693016,2.3755960580693016,0.5294843741233237,0.4705156258766761,0.9251024407625156,1.5976126848387673,0.4209469857483774,0.5790530142516225
142.35,56.58,43.14,91.61,192.32,142.35,42.63,155.79,117.0,-229.0,364.0,0.3974710221285564,1.3974710221285565,0.7005268703898841,1.700526870389884,0.7155783441411552,0.2844216558588448,0.5376031052886948,1.3050299207504448,0.5880530425083653,0.4119469574916347
184.93,118.01,49.24,26.87,189.51,184.93,17.68,253.7,149.0,-112.0,413.0,0.638133347753204,1.638133347753204,0.904396258043584,1.904396258043584,0.610450914372483,0.389549085627517,0.714224708545074,1.5039501217064526,0.525100800726901,0.474899199273099
181.03,106.03,62.8,17.78,171.3,181.03,12.2,224.26,155.0,-197.0,363.0,0.585704026956858,1.585704026956858,0.9326078550516488,1.932607855051649,0.6306347105134815,0.3693652894865185,0.6924086453676742,1.4348521510888737,0.5174355456468301,0.4825644543531698
166.02,61.72,40.12,24.63,199.31,166.02,64.18,187.62,158.0,-208.0,333.0,0.3717624382604505,1.3717624382604503,0.6134200698710999,1.6134200698711,0.7289891982084834,0.2710108017915166,0.4940331813330746,1.2994081692053945,0.6198013887851863,0.3801986112148137
191.51,153.8,70.24,21.5,166.31,192.0,-32.53,275.07,128.0,-208.0,375.0,0.8030912223904758,1.803091222390476,1.1698605816928622,2.1698605816928622,0.554603110248762,0.445396889751238,0.8559312320916906,1.5875835721107927,0.460859102394417,0.539140897605583
160.68,76.81,45.0,10.08,187.31,160.68,38.87,192.49,137.0,-249.0,334.0,0.4780308688075678,1.4780308688075678,0.7580906148867314,1.7580906148867317,0.6765758558255085,0.3234241441744915,0.5922306495527032,1.373444185141968,0.5687988955361252,0.4312011044638748
178.45,98.71,58.86,30.88,177.63,178.45,20.88,218.3,153.0,-144.0,374.0,0.5531521434575511,1.553152143457551,0.8829924348557019,1.882992434855702,0.6438519266849474,0.3561480733150527,0.6639838186338545,1.4159538156841265,0.5310695791917148,0.4689304208082852
109.38,24.35,34.06,136.32,203.99,109.38,50.97,99.67,111.0,-250.0,258.0,0.222618394587676,1.2226183945876758,0.5340098738343391,1.534009873834339,0.8179166978239737,0.1820833021760263,0.4072085889570552,1.1697573898494142,0.6518862864294654,0.3481137135705346
197.5,131.75,68.84,24.43,171.01,197.5,-3.09,260.41,163.0,-147.0,372.0,0.6670886075949367,1.6670886075949367,1.015645569620253,2.0156455696202533,0.5998481397114654,0.4001518602885345,0.753135090485845,1.494668468874371,0.4961189680725463,0.5038810319274536
175.06,68.54,48.98,42.87,187.93,175.06,57.54,194.62,154.0,-234.0,367.0,0.3915229064320805,1.3915229064320804,0.6713126927910431,1.671312692791043,0.7186371100164203,0.2813628899835796,0.5245491876450634,1.3059275129441172,0.5983320801148403,0.4016679198851596
162.95,58.37,50.68,78.89,184.61,162.95,53.9,170.64,140.0,-248.0,358.0,0.3582080392758515,1.3582080392758515,0.6692236882479289,1.669223688247929,0.7362642327851076,0.2637357672148924,0.5104620137621121,1.273229415344287,0.5990808823529411,0.4009191176470588
189.38,148.52,74.85,19.68,158.08,189.43,-33.99,263.05,124.0,-206.0,368.0,0.7842433203083747,1.7842433203083743,1.1794804097581582,2.1794804097581584,0.5604616750517905,0.4395383249482096,0.8453619952314271,1.5620860613859138,0.458824954572986,0.5411750454270139
175.81,69.1,37.2,7.78,202.16,175.81,69.51,207.71,165.0,-244.0,368.0,0.3930379386838063,1.3930379386838063,0.6046299982936124,1.6046299982936123,0.7178555387693438,0.2821444612306561,0.499037603868363,1.3243979155908174,0.6231966254297968,0.3768033745702031
162.02,72.52,51.67,21.83,176.04,162.03,37.83,182.87,137.0,-251.0,326.0,0.4475990618442167,1.4475990618442167,0.7665103073694605,1.7665103073694606,0.6907990108297092,0.3092009891702907,0.581168983106369,1.3393701155880016,0.566087837601761,0.433912162398239
172.27,134.52,67.57,19.06,157.16,172.77,-29.82,239.22,96.0,-235.0,393.0,0.7808672432808963,1.7808672432808963,1.173100365704998,2.173100365704998,0.5615241696274325,0.4384758303725675,0.8426034022681788,1.5608739159439626,0.4601720269259536,0.5398279730740464
192.92,169.81,82.91,23.19,148.55,193.06,-59.8,279.82,79.0,-219.0,378.0,0.8802094132282812,1.8802094132282812,1.3099730458221026,2.3099730458221024,0.5318556502081437,0.4681443497918562,0.9162165101693072,1.615632817315013,0.4329054842473746,0.5670945157526255
185.75,142.49,75.25,18.67,157.01,186.17,-31.99,252.99,111.0,-229.0,368.0,0.767106325706595,1.7671063257065949,1.172220726783311,2.172220726783311,0.5658969047038752,0.4341030952961248,0.8342528735632184,1.5459386973180076,0.4603583731938833,0.5396416268061166
192.64,155.17,70.67,20.64,163.42,192.94,-33.2,277.14,114.0,-221.0,393.0,0.8054921096345515,1.8054921096345515,1.1723421926910298,2.17234219269103,0.5538656162847532,0.4461343837152469,0.8576962515665945,1.5893053814894988,0.4603326323838654,0.5396673676161345
182.01,136.25,66.14,19.1,167.12,182.67,-20.38,252.12,140.0,-232.0,385.0,0.7485852425690896,1.7485852425690895,1.1119718696774905,2.11197186967749,0.5718909068057563,0.4281090931942437,0.8155954060044328,1.549063066693532,0.4734911550468262,0.5265088449531737
175.05,131.64,53.72,26.23,182.14,175.05,-10.31,252.97,143.0,-186.0,411.0,0.752013710368466,1.752013710368466,1.05889745786918,2.05889745786918,0.5707717891030031,0.4292282108969969,0.8102460987017528,1.575425099444857,0.4856968452595656,0.5143031547404345
151.37,71.61,47.2,64.43,185.58,151.38,32.56,175.78,132.0,-212.0,405.0,0.4730792098830679,1.473079209883068,0.7848979322190659,1.784897932219066,0.678850121087093,0.3211498789129069,0.5983280455255074,1.3606284937301707,0.5602561255459323,0.4397438744540676
182.42,146.17,74.71,19.79,151.98,182.63,-38.46,253.88,81.0,-199.0,369.0,0.801282754083982,1.801282754083982,1.2108321455980704,2.2108321455980704,0.5551599257433275,0.4448400742566724,0.8590207288142185,1.5684673122545014,0.4523183734192909,0.5476816265807092
167.13,134.74,52.99,20.94,177.54,167.22,-20.6,248.88,95.0,-242.0,392.0,0.8061987674265543,1.8061987674265545,1.123257344582062,2.123257344582062,0.5536489217212707,0.4463510782787293,0.8528529892785753,1.6121206614573869,0.470974468804599,0.5290255311954011
176.46,136.93,61.02,19.23,171.32,176.52,-21.49,252.37,98.0,-188.0,402.0,0.7759832256602063,1.7759832256602062,1.121783973705089,2.1217839737050888,0.5630683812501995,0.4369316187498006,0.8335438773791477,1.5765959238672729,0.4713015143826287,0.5286984856173714
186.8,164.83,77.31,24.04,154.67,189.01,-55.34,274.32,112.0,-177.0,369.0,0.8823875802997859,1.8823875802997856,1.2962526766595288,2.296252676659529,0.5312402240991952,0.4687597759008048,0.9168149634621938,1.6240960205974782,0.4354921434233226,0.5645078565766775
188.81,164.41,79.03,23.16,151.4,189.51,-54.63,274.19,91.0,-226.0,373.0,0.8707695566972088,1.870769556697209,1.2893384884275196,2.28933848842752,0.5345393805560273,0.4654606194439725,0.908900836320191,1.6138366188769413,0.4368074031231926,0.5631925968768074
175.09,70.08,55.34,68.76,181.74,175.09,49.67,189.83,145.0,-250.0,334.0,0.4002512993317722,1.4002512993317724,0.7163173225198469,1.716317322519847,0.714157523351144,0.2858424766488558,0.5442867682159441,1.3041270667881786,0.5826428405044758,0.4173571594955243
183.65,119.22,44.04,15.62,195.95,183.65,20.39,258.83,126.0,-244.0,401.0,0.649169616117615,1.649169616117615,0.88897359106997,1.88897359106997,0.6063657674910028,0.3936342325089972,0.7170275374412578,1.5236066581755898,0.5293880257127208,0.4706119742872791
186.33,169.2,86.16,24.77,139.57,187.14,-69.03,269.37,64.0,-209.0,363.0,0.9080663339236836,1.9080663339236836,1.3704717436805665,2.3704717436805662,0.5240907940258207,0.4759092059741794,0.9371353077177144,1.6209402179896508,0.4218569585003057,0.5781430414996944
168.05,135.15,66.23,22.87,162.53,170.17,-33.33,236.97,112.0,-208.0,363.0,0.8042249330556381,1.8042249330556384,1.1983338292174948,2.198333829217495,0.554254617414248,0.4457453825857519,0.8595697456035511,1.5768738261908828,0.454889965622716,0.5451100343772838
170.13,167.95,80.79,28.4,145.54,177.55,-78.61,257.29,75.0,-209.0,353.0,0.9871862693234584,1.9871862693234583,1.4620584259095986,2.4620584259095986,0.5032240889730242,0.4967759110269759,0.9913119719432488,1.6693368404272275,0.4061642036908826,0.5938357963091174
165.87,139.64,61.83,22.39,169.1,167.28,-35.6,243.68,118.0,-248.0,361.0,0.8418641104479411,1.841864110447941,1.2146259118586844,2.2146259118586844,0.5429282183889235,0.4570717816110765,0.884804567413263,1.6132630654369784,0.4515435291555507,0.5484564708444493
143.41,37.78,42.24,102.78,197.77,143.41,63.39,138.95,156.0,-179.0,309.0,0.2634404853218046,1.2634404853218046,0.5579806150198732,1.5579806150198732,0.7914895965561013,0.2085104034438986,0.4310261244276865,1.2035012119579855,0.6418565098688627,0.3581434901311373
177.38,112.88,58.82,14.42,175.2,177.48,5.68,231.44,145.0,-251.0,387.0,0.6363738865712031,1.636373886571203,0.967978351561619,1.9679783515616192,0.6111072831254737,0.3888927168745262,0.72692633361558,1.4779000846740051,0.5081356709063825,0.4918643290936175
147.23,40.56,46.44,117.55,195.13,147.23,60.23,141.35,137.0,-126.0,316.0,0.2754873327446852,1.2754873327446852,0.5909121782245467,1.5909121782245466,0.7840140582565631,0.2159859417434368,0.4492177415190789,1.2094284091495844,0.6285702087691585,0.3714297912308415
180.78,173.14,73.05,27.59,159.78,186.29,-65.41,280.87,85.0,-208.0,365.0,0.9577386879079544,1.957738687907954,1.3618209978979976,2.3618209978979974,0.5107933996383364,0.4892066003616637,0.9699011149194344,1.6821100736713548,0.4234021125606015,0.5765978874393985
188.55,122.67,56.04,15.48,181.59,188.63,9.84,255.18,135.0,-223.0,383.0,0.6505966587112172,1.6505966587112173,0.9478122513922036,1.947812251392204,0.6058415268941585,0.3941584731058415,0.7306512940022079,1.501533177971299,0.513396503839242,0.486603496160758
184.86,182.78,80.47,28.72,149.94,188.73,-78.39,287.17,77.0,-247.0,364.0,0.9887482419127988,1.9887482419127984,1.4240506329113922,2.4240506329113924,0.5028288543140029,0.4971711456859972,0.9921607055365016,1.6888780009799116,0.412532637075718,0.5874673629242819
175.41,164.06,67.51,26.4,161.66,178.62,-56.16,271.96,65.0,-218.0,376.0,0.9352944529958384,1.9352944529958385,1.3201641867624423,2.3201641867624425,0.51671723569093,0.4832827643090699,0.953276798946155,1.6753663757615676,0.4310039805395842,0.5689960194604157
178.4,178.84,73.04,29.39,158.54,184.66,-73.48,284.2,72.0,-245.0,376.0,1.0024663677130046,2.002466367713005,1.4118834080717488,2.411883408071749,0.4993841675064382,0.5006158324935618,1.001749920458161,1.7112631244034364,0.414613739890304,0.585386260109696
159.67,136.36,55.66,22.61,175.62,162.46,-32.35,240.37,77.0,-246.0,371.0,0.8540113985094259,1.8540113985094255,1.2026053735830151,2.202605373583015,0.5393710096949633,0.4606289903050367,0.8917475502716762,1.6332605767891142,0.4540077909522591,0.545992209047741
174.51,112.53,56.13,17.31,178.83,174.62,5.85,230.91,159.0,-252.0,384.0,0.6448341069279698,1.6448341069279695,0.966477565755544,1.966477565755544,0.6079640468227425,0.3920359531772576,0.7312695109261187,1.4879032258064515,0.5085234723314975,0.4914765276685025
177.55,174.09,69.22,27.97,163.28,181.9,-65.76,282.42,78.0,-245.0,374.0,0.9805125316812164,1.9805125316812164,1.3703745423824274,2.3703745423824274,0.5049198043453532,0.4950801956546468,0.9859788466993556,1.7054747335575635,0.4218742574727938,0.5781257425272062
183.72,169.83,80.96,25.77,148.53,186.37,-67.07,272.59,88.0,-210.0,372.0,0.9243958197256696,1.9243958197256696,1.3650664053995212,2.365066405399521,0.5196436147645311,0.4803563852354688,0.9475215354390208,1.641642738401088,0.4228211088352397,0.5771788911647604
178.34,118.59,53.92,16.42,179.74,178.94,5.83,243.01,141.0,-246.0,373.0,0.6649657956711899,1.66496579567119,0.967309633284737,1.967309633284737,0.60061293907655,0.39938706092345,0.742745199345561,1.5105915784035135,0.5083083939005273,0.4916916060994726
175.93,154.3,64.95,24.0,164.92,178.58,-43.32,265.28,75.0,-246.0,382.0,0.8770533735008242,1.877053373500824,1.2462342977320524,2.2462342977320526,0.5327499015837447,0.4672500984162553,0.9102042510793756,1.6405679176353372,0.4451895338832937,0.5548104661167063
167.59,155.18,63.78,25.93,164.45,168.84,-51.37,258.99,67.0,-213.0,369.0,0.9259502356942538,1.9259502356942535,1.3065218688465898,2.3065218688465894,0.5192242153855687,0.4807757846144314,0.946362968405584,1.6707006094134933,0.4335532272668478,0.5664467727331524
179.07,170.36,69.05,27.22,164.46,184.59,-60.34,280.38,104.0,-242.0,374.0,0.9513598034288268,1.9513598034288269,1.3369631987490926,2.3369631987490926,0.5124631542798271,0.4875368457201728,0.9648960180557796,1.6866032564887958,0.4279057541579047,0.5720942458420952
172.11,179.55,74.48,31.28,155.23,181.89,-81.92,277.18,53.0,-216.0,359.0,1.0432281680320723,2.0432281680320723,1.4759746673638952,2.475974667363895,0.4894216004094864,0.5105783995905135,1.0301715398029117,1.7281317166146235,0.4038813535457831,0.596118646454217
192.15,140.38,72.94,17.23,161.74,192.31,-21.17,259.59,115.0,-235.0,372.0,0.7305750715586781,1.7305750715586778,1.110174342961228,2.110174342961228,0.577842600667609,0.4221573993323911,0.8047078350748801,1.5295559998491075,0.4738944928108122,0.5261055071891879
169.93,59.05,41.41,6.16,193.16,169.93,69.47,187.57,154.0,-191.0,331.0,0.3474960277761431,1.3474960277761432,0.5911846054257635,1.5911846054257637,0.7421172154773342,0.2578827845226657,0.4753477808271032,1.2794075896659411,0.6284625910721551,0.371537408927845
152.63,123.51,50.34,20.59,178.37,154.42,-21.22,225.8,87.0,-244.0,402.0,0.8092118194326149,1.8092118194326148,1.139029024438184,2.139029024438184,0.5527268776707467,0.4472731223292533,0.8565305217519832,1.6085135734344975,0.4675018377848566,0.5324981622151433
177.06,141.63,72.6,20.01,158.27,177.37,-37.17,246.09,107.0,-244.0,352.0,0.7998983395459166,1.7998983395459165,1.2099288376821415,2.209928837682141,0.555586934011108,0.444413065988892,0.8580869983177121,1.5672915164623886,0.45250325845281,0.5474967415471901
191.94,133.26,70.54,16.01,166.84,191.94,-11.86,254.66,149.0,-199.0,383.0,0.6942794623319787,1.6942794623319788,1.0617901427529437,2.061790142752944,0.5902214022140222,0.4097785977859778,0.7764401097226455,1.507695824443767,0.4850154141608126,0.5149845858391874
175.12,113.52,64.92,13.53,167.27,175.12,-3.32,223.72,120.0,-196.0,349.0,0.6482412060301507,1.6482412060301506,1.0189584285061672,2.018958428506167,0.6067073170731708,0.3932926829268293,0.7433761039826695,1.472921179803366,0.4953048987442018,0.5046951012557982
167.44,144.78,57.44,22.97,175.19,169.65,-34.78,254.78,100.0,-245.0,395.0,0.8646679407548973,1.8646679407548972,1.2077161968466317,2.207716196846632,0.5362885145090001,0.4637114854909999,0.8992351476342939,1.643810032017076,0.4529567710869447,0.5470432289130552
190.82,114.42,64.0,12.55,173.93,190.82,12.4,241.24,137.0,-245.0,356.0,0.5996226810606855,1.5996226810606855,0.9350172937847188,1.9350172937847188,0.6251474249770672,0.3748525750229328,0.7001805195824504,1.4490228396515188,0.5167912468854945,0.4832087531145055
175.18,122.06,54.25,20.98,181.67,175.18,-1.13,242.99,152.0,-249.0,379.0,0.6967690375613654,1.6967690375613655,1.006450508048864,2.006450508048864,0.5893554030413134,0.4106445969586866,0.7684696857429281,1.5320141219544088,0.4983925573985035,0.5016074426014965
179.09,171.39,73.35,27.6,159.98,184.5,-65.65,277.13,116.0,-245.0,366.0,0.9570048578926796,1.95700485789268,1.3665754648500752,2.3665754648500754,0.5109849349463592,0.4890150650536407,0.9694977024243384,1.6789336079860562,0.4225514947030648,0.577448505296935
146.31,54.72,60.26,121.59,170.17,146.44,31.33,140.77,117.0,-251.0,328.0,0.3740004100881689,1.3740004100881689,0.7858656277766386,1.7858656277766387,0.7278018206237875,0.2721981793762125,0.5566151909764244,1.2648980974972166,0.5599525431512878,0.4400474568487121
174.55,103.63,65.67,17.17,162.3,174.58,5.25,212.51,117.0,-255.0,354.0,0.5936980807791463,1.5936980807791463,0.9699226582641076,1.969922658264108,0.6274714213818391,0.3725285786181608,0.7047706269253184,1.431396220131546,0.5076341427948233,0.4923658572051766
176.49,84.33,56.89,23.19,176.14,176.5,35.27,203.93,130.0,-251.0,341.0,0.477817440081591,1.4778174400815909,0.8001586492152529,1.8001586492152528,0.6766735679779159,0.3233264320220842,0.6051075499185877,1.3613420173108235,0.5555065940637689,0.4444934059362311
156.27,77.72,59.03,43.1,165.79,156.3,19.52,174.96,107.0,-253.0,346.0,0.4973443399244896,1.4973443399244897,0.8750879887374415,1.8750879887374412,0.6678490533783495,0.3321509466216504,0.6351602415234556,1.3609846725499302,0.5333083066002321,0.4666916933997679
184.58,120.25,75.51,18.6,151.62,184.63,-11.18,229.32,107.0,-254.0,350.0,0.6514790334814172,1.6514790334814171,1.0605699425723265,2.0605699425723265,0.6055178296099465,0.3944821703900534,0.752662539890038,1.4623399592448767,0.4853026239680286,0.5146973760319713
179.21,77.87,71.35,80.6,159.6,179.35,29.99,185.73,122.0,-254.0,296.0,0.434518163048937,1.4345181630489372,0.8326544277663076,1.832654427766308,0.6970981795550023,0.3029018204449976,0.5955459770114943,1.310783844189017,0.5456566087141856,0.4543433912858142
186.46,129.55,67.87,19.3,160.52,186.48,-10.96,248.14,110.0,-250.0,382.0,0.6947870857020273,1.694787085702027,1.0587793628660302,2.05877936286603,0.590044618841176,0.4099553811588241,0.7762355994180788,1.5093775803090472,0.4857247056371783,0.5142752943628217
189.53,148.35,73.16,20.57,161.97,190.07,-31.98,264.72,122.0,-255.0,377.0,0.7827256898644014,1.7827256898644013,1.1687331820819922,2.168733182081992,0.5609387948384041,0.4390612051615958,0.8432372758765084,1.5647340972248658,0.4610986765278319,0.5389013234721682
190.4,160.47,82.23,22.56,150.15,191.63,-52.3,268.64,99.0,-241.0,367.0,0.8428046218487395,1.8428046218487395,1.2746848739495795,2.27468487394958,0.5426511243480492,0.4573488756519508,0.8902175109122253,1.5885999339764516,0.4396213345647656,0.5603786654352343
189.34,109.47,75.45,37.83,154.07,189.58,4.42,223.36,122.0,-234.0,350.0,0.5781662617513468,1.5781662617513468,0.9766557515580438,1.976655751558044,0.6336467989692447,0.3663532010307553,0.6983647418709166,1.413421957022546,0.5059049858387218,0.4940950141612783
151.53,105.09,61.42,16.39,151.89,151.93,-14.98,195.2,69.0,-250.0,372.0,0.693526034448624,1.693526034448624,1.0988583118854351,2.098858311885435,0.5904839841010053,0.4095160158989946,0.7819206386475699,1.493496125851139,0.4764495032071437,0.5235504967928561
142.97,57.59,57.22,107.8,170.4,143.07,28.16,143.34,111.0,-255.0,284.0,0.4028117786948311,1.402811778694831,0.8030356018745192,1.803035601874519,0.7128540087754288,0.2871459912245712,0.5735051700884161,1.287676707128228,0.5546202187912174,0.4453797812087827
162.18,73.22,57.48,41.96,169.42,162.29,31.48,177.92,104.0,-250.0,331.0,0.451473671229498,1.451473671229498,0.8058946849179922,1.805894684917992,0.6889549702633815,0.3110450297366185,0.5950104707274879,1.3333333333333333,0.5537421469543841,0.4462578530456159
183.04,126.26,83.16,49.5,140.64,183.08,-26.38,226.14,131.0,-241.0,360.0,0.6897945804195805,1.6897945804195806,1.1441215034965035,2.144121503496504,0.5917879081797607,0.4082120918202392,0.7867017280240421,1.4743050338091663,0.4663914793864342,0.5336085206135657
147.57,49.86,52.73,102.55,181.05,147.62,44.98,144.7,131.0,-253.0,293.0,0.3378735515348648,1.337873551534865,0.695195500440469,1.695195500440469,0.7474547941042394,0.2525452058957605,0.5121817274088867,1.2489266100848728,0.5899024624240485,0.4100975375759514
176.12,75.05,70.99,106.27,165.03,176.16,30.08,180.18,131.0,-194.0,352.0,0.426129911424029,1.4261299114240291,0.8292073586191233,1.8292073586191235,0.7011983915276506,0.2988016084723494,0.5909918659706203,1.3037108979806564,0.5466848770797119,0.4533151229202879
175.14,136.5,79.04,20.74,146.17,176.98,-40.4,232.6,127.0,-250.0,349.0,0.7793764988009593,1.7793764988009593,1.2306726047733243,2.2306726047733245,0.5619946091644205,0.4380053908355795,0.847981745219923,1.537021008733968,0.4482952800245725,0.5517047199754275
175.13,103.05,73.24,15.77,149.29,175.33,-1.16,204.94,88.0,-224.0,341.0,0.5884200308342374,1.5884200308342376,1.0066236510021127,2.006623651002113,0.629556402329427,0.370443597670573,0.7097878165639973,1.4149051817852398,0.4983495532411359,0.5016504467588639
126.93,47.45,56.01,135.17,169.67,126.99,23.47,118.37,103.0,-222.0,323.0,0.3738280942251635,1.3738280942251633,0.8150949342157094,1.8150949342157088,0.7278931070076844,0.2721068929923156,0.565540614409096,1.2593746583579315,0.5509353704587874,0.4490646295412128
174.44,91.36,64.67,43.46,161.92,174.54,18.41,201.13,122.0,-251.0,368.0,0.5237330887411145,1.5237330887411145,0.89446227929374,1.89446227929374,0.6562829194883371,0.3437170805116629,0.6525448538329639,1.3820835598678434,0.5278542681635247,0.4721457318364753
157.28,68.63,53.39,65.42,173.4,157.35,35.26,172.52,119.0,-189.0,347.0,0.4363555442522889,1.4363555442522888,0.7758138351983723,1.7758138351983723,0.6962064538975699,0.3037935461024301,0.5791996962073385,1.3257701618645277,0.5631220909416398,0.4368779090583601
164.95,76.43,68.12,59.96,157.35,164.97,20.4,173.26,100.0,-243.0,375.0,0.4633525310700213,1.4633525310700213,0.8763261594422553,1.8763261594422556,0.6833623332504764,0.3166376667495236,0.6201999399322092,1.3279272321620117,0.5329563812600969,0.4670436187399031
169.93,71.27,57.72,50.55,174.76,170.06,40.94,183.48,133.0,-250.0,332.0,0.4194079915259224,1.4194079915259223,0.7590772671099865,1.759077267109986,0.7045190713101162,0.2954809286898839,0.5666154184054469,1.3130683066110256,0.5684798608323298,0.4315201391676703
174.45,92.58,68.43,26.68,159.16,174.58,13.44,198.6,117.0,-248.0,365.0,0.5306964746345658,1.5306964746345657,0.9229578675838348,1.922957867583835,0.6532973823165936,0.3467026176834064,0.6629199604743082,1.3811758893280632,0.5200321945984618,0.4799678054015381
189.7,125.62,77.9,42.95,156.21,189.83,-13.82,237.42,164.0,-223.0,369.0,0.662203479177649,1.662203479177649,1.0728518713758568,2.072851871375857,0.6016110617785106,0.3983889382214893,0.7605381165919283,1.4694319880418536,0.4824271400233965,0.5175728599766034
175.94,85.54,73.27,72.72,157.71,176.09,17.13,188.21,120.0,-246.0,347.0,0.4861884733431852,1.4861884733431854,0.9026372627031944,1.9026372627031944,0.6728621691907603,0.3271378308092397,0.6372537217607641,1.3432446531038085,0.5255862584017924,0.4744137415982076
181.36,112.05,68.12,15.27,161.64,181.43,1.19,225.29,127.0,-238.0,390.0,0.6178319364799294,1.6178319364799294,0.9934384649316276,1.993438464931628,0.6181111754882247,0.3818888245117753,0.7221821388488056,1.449134199134199,0.5016457831991813,0.4983542168008187
161.79,87.55,63.47,19.08,159.42,161.83,10.77,185.87,109.0,-223.0,358.0,0.5411335682056988,1.5411335682056986,0.9334322269608752,1.933432226960875,0.6488730247854336,0.3511269752145665,0.6704252863357897,1.388661990588653,0.5172149227965859,0.4827850772034142
164.9,57.04,53.32,76.28,179.55,164.96,54.54,168.62,143.0,-254.0,287.0,0.3459066100667071,1.345906610066707,0.6692540933899332,1.6692540933899331,0.7429936018743805,0.2570063981256195,0.505728164237925,1.261387590504995,0.5990699702099833,0.4009300297900167
173.59,133.65,77.47,18.92,146.76,174.16,-37.53,229.77,62.0,-222.0,335.0,0.7699176219828331,1.7699176219828332,1.216199089809321,2.216199089809321,0.56499804712928,0.4350019528707199,0.8409145224249184,1.5323428662471124,0.451222999142211,0.5487770008577889
187.51,98.43,70.92,43.27,162.57,187.61,18.16,215.02,117.0,-187.0,346.0,0.5249320036264733,1.5249320036264733,0.9031518319022988,1.9031518319022984,0.6557669441141498,0.3442330558858502,0.6553031768757498,1.3808768331850017,0.5254441517682004,0.4745558482317996
175.35,100.77,69.16,66.45,164.97,176.79,5.42,206.96,125.0,-254.0,351.0,0.5746792130025663,1.5746792130025664,0.969090390647277,1.9690903906472768,0.6350499782703172,0.3649500217296827,0.6949818003353646,1.4121303832154104,0.507848702502317,0.4921512974976831
171.14,64.94,56.41,59.86,175.37,171.25,49.79,179.67,132.0,-184.0,292.0,0.3794554166179736,1.3794554166179736,0.7090685988079934,1.7090685988079937,0.7249237546594375,0.2750762453405625,0.5332893869479235,1.2853878268512415,0.5851140209921706,0.4148859790078293
156.8,56.5,45.03,78.62,193.74,156.82,55.27,168.27,154.0,-254.0,355.0,0.3603316326530612,1.3603316326530612,0.6475127551020408,1.647512755102041,0.7351148616971402,0.2648851383028598,0.5030471188624089,1.2799385621562702,0.6069755738783725,0.3930244261216273
170.78,73.33,58.71,68.53,174.28,170.82,38.74,185.4,128.0,-249.0,368.0,0.4293828317133153,1.4293828317133157,0.7731584494671506,1.7731584494671506,0.6996026381549301,0.3003973618450698,0.5753627609046145,1.3195346202448908,0.5639653919820355,0.4360346080179644
199.95,111.67,75.46,10.83,158.61,199.97,12.82,236.16,120.0,-244.0,359.0,0.5584896224056014,1.5584896224056015,0.9358839709927482,1.935883970992748,0.6416468776073422,0.3583531223926577,0.6794597146073128,1.405468211030827,0.5165598842616513,0.4834401157383486
184.31,85.63,58.93,24.92,174.36,184.41,39.75,211.01,135.0,-252.0,338.0,0.464597688676686,1.464597688676686,0.7843307471108458,1.7843307471108458,0.6827813588204786,0.3172186411795213,0.594310146357507,1.3520391382996215,0.5604342141271627,0.4395657858728373
172.03,137.97,77.45,20.41,145.65,173.5,-43.39,232.55,89.0,-246.0,359.0,0.8020112771028309,1.802011277102831,1.2522234493983608,2.2522234493983606,0.5549354838709677,0.4450645161290322,0.8634760301426968,1.5530303030303028,0.4440056781520196,0.5559943218479805
187.19,100.62,59.02,13.55,175.05,187.23,27.55,228.79,125.0,-253.0,344.0,0.5375287141407127,1.5375287141407126,0.8528233345798387,1.8528233345798384,0.6503943573885549,0.349605642611445,0.6483895861256651,1.4086755208967954,0.5397168641697662,0.4602831358302339
163.78,77.3,54.08,64.53,177.58,163.85,32.4,187.0,142.0,-200.0,349.0,0.471974600073269,1.471974600073269,0.8021736475760166,1.8021736475760164,0.6793595486975278,0.3206404513024722,0.6030478288809327,1.354815018819425,0.5548854858381895,0.4451145141618106
193.79,156.38,84.29,21.47,147.66,196.18,-46.88,265.88,101.0,-250.0,356.0,0.806955983280871,1.8069559832808708,1.2419113473347438,2.241911347334744,0.5534169117857042,0.4465830882142959,0.8654703682393556,1.562356156501726,0.4460479675919532,0.5539520324080468
169.28,87.88,60.83,24.27,169.28,169.44,20.57,196.33,127.0,-239.0,331.0,0.5191398865784499,1.5191398865784498,0.878485349716446,1.8784853497164455,0.6582672266293359,0.3417327733706642,0.6462561383686062,1.3819043066359564,0.5323437843957358,0.4676562156042643
187.32,124.54,58.23,30.09,177.12,187.36,4.55,253.63,134.0,-230.0,385.0,0.6648515908605596,1.6648515908605597,0.9757100149476832,1.9757100149476836,0.6006541396780606,0.3993458603219393,0.7443290572184892,1.50718794542863,0.5061471533951201,0.4938528466048799
186.89,169.13,75.17,25.9,157.42,188.97,-57.41,280.85,96.0,-239.0,392.0,0.9049708384611268,1.9049708384611268,1.3071860452672697,2.3071860452672697,0.5249424189652266,0.4750575810347733,0.9322292604747004,1.6453865526978555,0.4334284190264152,0.5665715809735847
196.39,139.11,68.93,20.01,167.38,196.43,-11.65,266.57,119.0,-240.0,382.0,0.7083354549620654,1.7083354549620653,1.059320739345181,2.0593207393451807,0.585365126676602,0.4146348733233979,0.7841097542590081,1.5243102668475803,0.4855970130801374,0.5144029869198625
179.0,137.32,58.39,19.74,172.45,179.07,-16.71,257.93,93.0,-237.0,403.0,0.7671508379888268,1.7671508379888268,1.0933519553072624,2.0933519553072624,0.5658826504805261,0.4341173495194739,0.8244239437213025,1.5784573907915245,0.4777027567985909,0.522297243201409
185.92,143.36,78.01,19.12,151.37,186.19,-35.45,251.27,100.0,-225.0,393.0,0.7710843373493977,1.7710843373493976,1.190673407917384,2.190673407917384,0.564625850340136,0.435374149659864,0.8387451218126019,1.5431743265259723,0.456480640329986,0.5435193596700141
188.01,156.36,82.45,22.58,148.85,189.32,-50.8,261.92,114.0,-246.0,371.0,0.8316578905377374,1.8316578905377372,1.2701983937024628,2.270198393702463,0.545953480268316,0.454046519731684,0.8829771500406716,1.578126155438882,0.4404901363572466,0.5595098636427533
164.96,139.01,71.85,26.54,154.37,166.04,-45.9,232.12,113.0,-207.0,374.0,0.8426891367604267,1.8426891367604268,1.2782492725509214,2.2782492725509216,0.5426851334013225,0.4573148665986774,0.8904184789493687,1.5870106836704534,0.4389335320100047,0.561066467989995
193.37,145.94,74.35,19.13,158.19,193.76,-26.92,264.96,91.0,-244.0,369.0,0.7547189326162279,1.754718932616228,1.1392149764699795,2.1392149764699795,0.569891839320975,0.4301081606790251,0.8228372926938592,1.5451217690124008,0.4674612000193396,0.5325387999806604
181.41,109.69,62.5,17.87,170.98,181.6,9.22,228.6,135.0,-245.0,373.0,0.6046524447384378,1.604652444738438,0.9491758998952649,1.949175899895265,0.6231879079354173,0.3768120920645826,0.7059571153294247,1.4497150588331762,0.513037330316742,0.4869626696832578
152.69,77.83,46.87,9.46,179.14,152.69,27.99,183.65,128.0,-250.0,323.0,0.5097255877922588,1.5097255877922586,0.8166874058550002,1.816687405855,0.6623720284574007,0.3376279715425994,0.624874724393666,1.3900080176388052,0.550452431594506,0.449547568405494
162.7,73.04,53.61,36.79,175.1,162.7,36.05,182.13,144.0,-179.0,317.0,0.4489244007375538,1.448924400737554,0.7784265519360788,1.778426551936079,0.6901671332824297,0.3098328667175702,0.5855022883824141,1.3376635384402016,0.5622947986867115,0.4377052013132884
157.3,56.1,47.76,41.35,181.77,157.3,53.44,165.64,146.0,-250.0,306.0,0.3566433566433566,1.356643356643357,0.6602670057215512,1.6602670057215512,0.7371134020618557,0.2628865979381443,0.5064859065639326,1.2735784648395592,0.6023127584622453,0.3976872415377546
178.23,150.4,75.63,22.43,151.44,180.21,-47.8,253.0,109.0,-245.0,361.0,0.8438534477921787,1.8438534477921784,1.2681927846041632,2.2681927846041634,0.5423424519976874,0.4576575480023127,0.8903726463405027,1.5924525328921453,0.4408796319200514,0.5591203680799486
177.66,112.08,66.87,22.64,157.48,177.66,-1.29,222.87,112.0,-248.0,349.0,0.6308679500168862,1.6308679500168863,1.0072610604525498,2.00726106045255,0.613170428660178,0.3868295713398219,0.7318120476015212,1.4583486688749847,0.4981913014217212,0.5018086985782787
195.72,99.69,58.59,10.2,178.16,195.72,37.44,236.82,139.0,-166.0,368.0,0.5093500919681178,1.5093500919681175,0.8087063151440834,1.8087063151440836,0.662536813242612,0.337463186757388,0.6223899964610121,1.3920018874601865,0.5528813559322033,0.4471186440677966
154.47,71.38,45.23,14.1,183.99,154.47,37.86,180.62,132.0,-250.0,366.0,0.4620961999093675,1.4620961999093676,0.7549038648281219,1.754903864828122,0.6839495240203675,0.3160504759796325,0.5839258888332498,1.3574361542313471,0.5698317839752103,0.4301682160247897
135.91,55.9,49.32,61.47,169.24,135.92,30.69,142.49,98.0,-249.0,293.0,0.4113015966448385,1.4113015966448386,0.7741888014126996,1.7741888014126996,0.7085657682081226,0.2914342317918774,0.5680505317713114,1.301786967553852,0.5636378716874715,0.4363621283125285
173.85,103.4,57.75,11.87,171.19,173.85,12.7,219.5,110.0,-248.0,346.0,0.5947656025309175,1.5947656025309176,0.9269485188380788,1.9269485188380788,0.6270513976555455,0.3729486023444545,0.695811744386874,1.4464594127806565,0.518955223880597,0.481044776119403
188.16,158.16,75.14,21.84,154.82,188.19,-45.14,271.18,100.0,-209.0,371.0,0.8405612244897959,1.840561224489796,1.2399022108843538,2.239902210884354,0.5433125433125433,0.4566874566874567,0.8860615267755412,1.6006836308393466,0.4464480615004982,0.5535519384995018
122.95,33.26,40.49,124.9,192.77,122.95,49.2,115.72,123.0,-250.0,285.0,0.2705164701098007,1.2705164701098008,0.5998373322488817,1.5998373322488817,0.7870814928621727,0.2129185071378272,0.4512359275575134,1.20349975526187,0.625063548551093,0.3749364514489069
134.9,46.38,50.55,120.58,177.38,134.92,37.97,130.73,131.0,-252.0,370.0,0.3438102297998517,1.3438102297998518,0.7185322461082283,1.7185322461082282,0.744152691968226,0.2558473080317741,0.5226745753572393,1.250094365057967,0.5818919035500152,0.418108096449985
165.15,120.35,64.15,16.89,159.48,165.74,-19.35,221.35,83.0,-231.0,358.0,0.7287314562518922,1.728731456251892,1.11716621253406,2.11716621253406,0.5784588441330999,0.4215411558669001,0.804622764936764,1.524858264282599,0.4723294723294723,0.5276705276705277
164.92,88.66,59.2,16.29,165.69,164.92,17.06,194.38,111.0,-243.0,364.0,0.5375939849624061,1.537593984962406,0.8965559058937669,1.8965559058937669,0.6503667481662592,0.3496332518337408,0.6597358557915403,1.3955916473317864,0.5272715646780485,0.4727284353219516
152.82,60.14,47.64,71.96,180.8,152.83,45.04,165.32,128.0,-249.0,332.0,0.3935348776338175,1.3935348776338174,0.705274178772412,1.705274178772412,0.7175995492111195,0.2824004507888806,0.5376633742392498,1.3000099770527789,0.586415963161934,0.413584036838066
186.18,128.66,64.19,16.12,170.09,186.19,-6.67,250.65,134.0,-246.0,380.0,0.691051670426469,1.691051670426469,1.0358255451713394,2.03582554517134,0.5913479862787447,0.4086520137212552,0.7702600151775372,1.5138794584015658,0.4912012241775057,0.5087987758224942
140.91,49.56,49.17,105.55,183.17,140.91,42.18,141.3,117.0,-252.0,312.0,0.3517138599105812,1.3517138599105814,0.700659995741963,1.7006599957419628,0.7398015435501654,0.2601984564498346,0.5194128787878789,1.260732323232323,0.5880070105157736,0.4119929894842263
172.12,115.99,65.26,15.02,159.58,172.14,-9.13,222.85,101.0,-246.0,368.0,0.6738903090866837,1.6738903090866837,1.0530443876365323,2.0530443876365325,0.5974107111866995,0.4025892888133004,0.7635436852304323,1.488625831999326,0.4870815292752639,0.5129184707247361
157.28,72.4,55.91,86.17,173.05,157.34,28.97,173.77,129.0,-247.0,391.0,0.4603255340793489,1.460325534079349,0.8158062054933876,1.815806205493388,0.6847788227098571,0.3152211772901428,0.6018574980064731,1.3396031708804357,0.5507195630099092,0.4492804369900906
176.2,100.18,58.76,23.43,171.45,176.21,17.26,217.62,154.0,-178.0,340.0,0.5685584562996595,1.5685584562996595,0.9020431328036322,1.902043132803632,0.6375280411028295,0.3624719588971706,0.6764555669050052,1.4263704460333675,0.5257504326550099,0.4742495673449902
166.76,74.76,35.79,21.79,201.93,166.76,56.21,205.73,156.0,-249.0,397.0,0.4483089469896858,1.4483089469896857,0.6629287598944592,1.662928759894459,0.6904604173567407,0.3095395826432594,0.5457911626758826,1.3690940508516416,0.6013486711622372,0.3986513288377628
173.15,86.25,54.2,26.74,177.55,173.15,32.7,205.2,145.0,-222.0,338.0,0.4981230147271152,1.498123014727115,0.811146404851285,1.8111464048512849,0.6675019275250579,0.3324980724749422,0.6177699582142071,1.3793710138552888,0.5521364795918368,0.4478635204081633
176.41,93.65,48.29,11.04,188.42,176.41,34.47,221.77,149.0,-213.0,365.0,0.530865597188368,1.530865597188368,0.8046029136670256,1.8046029136670256,0.6532252092127675,0.3467747907872325,0.6316866933689363,1.4167779261237208,0.5541385267787027,0.4458614732212972
184.58,126.55,75.14,16.93,153.67,184.59,-17.11,235.99,126.0,-239.0,369.0,0.6856105753602774,1.6856105753602773,1.0926969335789358,2.092696933578936,0.5932568379776942,0.4067431620223057,0.776567072231634,1.4872555059294623,0.4778522794936185,0.5221477205063816
172.25,95.6,58.63,9.66,170.24,172.25,18.02,209.22,107.0,-249.0,339.0,0.5550072568940493,1.5550072568940494,0.8953846153846153,1.8953846153846157,0.6430838155684151,0.3569161844315848,0.6680093555093555,1.4140679140679142,0.5275974025974026,0.4724025974025973
176.71,85.16,51.83,39.69,185.67,176.74,39.72,210.04,165.0,-216.0,384.0,0.4819195291720898,1.48191952917209,0.7752249448248543,1.775224944824854,0.6748004735173941,0.3251995264826058,0.5994136693795397,1.3726262361074646,0.5633088938476252,0.4366911061523749
193.29,140.9,71.61,17.52,161.25,193.31,-19.22,262.58,109.0,-222.0,385.0,0.7289564902478142,1.7289564902478145,1.099436080500802,2.099436080500802,0.5783835542655376,0.4216164457344624,0.802227255568139,1.5318988297470746,0.4763183834401182,0.5236816165598817
190.23,126.55,61.12,15.94,174.12,190.23,2.56,255.66,139.0,-129.0,367.0,0.6652473321768386,1.6652473321768384,0.9865426063186667,1.9865426063186669,0.6005113959214597,0.3994886040785403,0.7466481002586035,1.503481201511836,0.5033871394548822,0.4966128605451178
187.52,144.2,68.81,19.01,166.4,187.53,-25.49,262.91,128.0,-187.0,376.0,0.7689846416382251,1.768984641638225,1.1359321672354947,2.1359321672354947,0.565296032798746,0.434703967201254,0.8309991027191509,1.5625560800530565,0.468179661947919,0.531820338052081
146.61,50.02,42.96,91.7,194.95,146.61,53.63,153.67,139.0,-210.0,358.0,0.3411772730373099,1.34117727303731,0.6341995771093377,1.6341995771093378,0.7456135889742155,0.2543864110257844,0.4904784512317349,1.263860315450757,0.61192036395509,0.38807963604491
145.15,56.22,42.85,93.12,188.41,145.15,46.08,158.52,139.0,-200.0,385.0,0.3873234584912159,1.387323458491216,0.6825353083017567,1.682535308301757,0.720812434821473,0.279187565178527,0.5269680851063829,1.299042553191489,0.5943411677995251,0.4056588322004749
153.67,53.5,55.51,124.59,178.62,153.67,44.66,151.66,146.0,-246.0,342.0,0.3481486301815579,1.348148630181558,0.7093772369362921,1.7093772369362925,0.741757976541005,0.258242023458995,0.5211301271632087,1.2557605889664405,0.5850083752093802,0.4149916247906197
186.32,116.73,61.55,13.87,170.27,186.35,8.04,241.5,121.0,-225.0,391.0,0.6265027908973809,1.626502790897381,0.9568484328037784,1.9568484328037787,0.6148160369575977,0.3851839630424022,0.7192479928995038,1.4709323435671926,0.5110257816785518,0.4889742183214481
177.53,119.04,65.18,16.49,164.74,177.73,-6.69,231.39,127.0,-242.0,368.0,0.6705345575395708,1.6705345575395707,1.0376837717568863,2.0376837717568863,0.5986107832889369,0.4013892167110632,0.759012813645915,1.4904618680730088,0.4907532826537664,0.5092467173462336
144.81,49.43,48.2,103.22,186.11,144.81,47.18,146.04,142.0,-212.0,364.0,0.3413438298460051,1.3413438298460052,0.6741937711484013,1.6741937711484014,0.7455210049423393,0.2544789950576606,0.5058287135381586,1.2561007201699397,0.5973024253423528,0.4026975746576472
195.68,173.27,75.1,23.85,159.74,195.68,-52.69,293.85,121.0,-195.0,387.0,0.8854762878168438,1.885476287816844,1.2692661488143908,2.269266148814391,0.5303699688304648,0.4696300311695351,0.917239087081764,1.639892163379866,0.4406710955973426,0.5593289044026573
153.11,57.76,44.9,92.51,192.13,153.11,50.45,165.97,117.0,-205.0,408.0,0.3772451178890993,1.3772451178890992,0.6704983345307295,1.6704983345307294,0.7260871627068811,0.273912837293119,0.5184586637038533,1.291702439270744,0.5986237635375533,0.4013762364624467
151.23,56.39,42.46,94.98,199.28,151.23,52.38,165.16,149.0,-188.0,390.0,0.3728757521655756,1.3728757521655757,0.6536401507637374,1.6536401507637375,0.7283980348713996,0.2716019651286003,0.5103515927513036,1.2911353193246942,0.6047264875239923,0.3952735124760076
171.17,101.48,57.39,29.0,176.49,171.17,12.3,215.26,138.0,-164.0,386.0,0.5928608985219374,1.5928608985219372,0.9281416136005142,1.928141613600514,0.6278012103429305,0.3721987896570695,0.6950910045502275,1.4439971998599928,0.5186341049569749,0.4813658950430251
174.74,123.75,62.96,16.76,169.15,174.74,-11.97,235.53,131.0,-242.0,376.0,0.7081950326198924,1.7081950326198925,1.068501774064324,2.068501774064324,0.5854132466749304,0.4145867533250695,0.7854859066049642,1.5206142196045431,0.4834416931802462,0.5165583068197538
165.79,111.43,56.56,31.06,177.09,165.8,-2.2,220.66,142.0,-208.0,388.0,0.6721153266180108,1.6721153266180109,1.013269799143495,2.013269799143495,0.5980448741072072,0.4019551258927927,0.7555205756689904,1.5011468405666744,0.4967044160824495,0.5032955839175505
179.37,127.13,59.82,17.6,174.52,179.46,-7.58,246.68,159.0,-206.0,384.0,0.7087584322907955,1.7087584322907956,1.0422590176729665,2.0422590176729662,0.5852202283849919,0.4147797716150081,0.7815962205777833,1.531502153100046,0.4896538545533959,0.5103461454466041
202.99,124.78,48.7,14.59,192.89,202.99,29.51,279.07,139.0,-136.0,396.0,0.6147100842406029,1.6147100842406028,0.8546233804620917,1.8546233804620915,0.619306220825579,0.3806937791744211,0.6892605983551194,1.4957686042353688,0.5391930299891095,0.4608069700108907
180.1,130.63,64.46,17.12,168.68,180.1,-14.99,246.27,121.0,-226.0,382.0,0.7253192670738479,1.725319267073848,1.0832315380344253,2.083231538034425,0.5796028706594148,0.420397129340585,0.7977183513248282,1.5341429506051685,0.48002345478291,0.5199765452170899
173.57,75.54,49.89,43.17,186.14,173.57,48.14,199.22,152.0,-206.0,373.0,0.4352134585469839,1.435213458546984,0.7226479230281732,1.722647923028173,0.6967604672634579,0.3032395327365421,0.5613085115904414,1.3380470777767834,0.5805016722408026,0.4194983277591973
147.93,43.55,42.57,78.39,187.79,147.93,61.81,148.91,160.0,-238.0,293.0,0.2943959981072128,1.2943959981072128,0.5821672412627594,1.5821672412627594,0.7725611029872571,0.2274388970127428,0.4520734908136483,1.2286089238845146,0.632044434949797,0.3679555650502029
175.1,84.81,45.01,23.28,193.28,175.1,45.28,214.9,152.0,-233.0,371.0,0.484351798972016,1.484351798972016,0.7414049114791548,1.7414049114791543,0.6736947404870918,0.3263052595129083,0.5897960110853664,1.3853073463268364,0.5742489833398925,0.4257510166601076
192.58,121.06,65.94,13.67,170.11,192.58,5.58,247.7,118.0,-183.0,376.0,0.628621871430055,1.6286218714300549,0.9710250285595596,1.9710250285595596,0.6140160693789058,0.3859839306210942,0.7233482902676776,1.4682809840631286,0.5073502292006956,0.4926497707993045
165.58,87.62,58.0,14.96,166.27,165.58,19.96,195.2,105.0,-224.0,333.0,0.5291701896364295,1.5291701896364296,0.8794540403430365,1.8794540403430369,0.6539494470774092,0.3460505529225908,0.6513104928884516,1.391895518382682,0.5320694087403599,0.46793059125964
156.76,77.27,48.47,33.54,181.49,156.76,31.02,185.56,123.0,-245.0,408.0,0.492919112018372,1.492919112018372,0.8021178872161265,1.8021178872161268,0.6698286544460113,0.3301713455539888,0.6126784583150612,1.376504409686693,0.5549026548672567,0.4450973451327433
